theta    phi          y_ini             v_ini              g

27.8    139.5    0.899619599476    20.2046721434    -9.34153602932
134.7    168.1    0.993469896575    21.7953196972    -8.64398430768
113.3    76.1    0.971127701897    19.6820205882    -7.94513026328
70.2    149.1    0.932068750349    22.5072457    -8.21274842143
42.7    243.7    1.05802289298    20.6168498101    -8.98045403318
85.8    251.4    1.09898054809    20.2696518902    -8.02902055846
102.3    41.3    1.00854987566    20.4783830787    -7.90059064589
64.2    102.3    1.04582266784    19.9059193946    -8.32625082461
56.3    4.6    1.06563079292    18.9951304761    -8.53294617175
95.8    183.2    1.0247134783    19.6762428904    -7.93914330765
152.0    268.6    0.867029822646    21.4930570386    -9.37654233781
61.5    125.2    0.816069368049    21.0021925582    -8.39052754586
49.3    38.2    0.955291725345    20.4820830715    -8.75967255674
85.8    214.8    1.21084846795    20.4056203123    -8.02914321379
161.3    88.5    10.8986980227    20.0336333045    -9.15022587869
44.1    97.7    1.16950634974    20.5198718045    -8.93279941548
48.5    127.0    1.11643710101    19.1472162555    -8.78764966113
142.7    193.6    1.12965375235    18.7257421675    -9.01220667174
174.2    145.8    0.932983982331    20.3670332173    -9.73558354516
120.8    93.5    0.968831655863    20.1479044005    -8.09948376568
61.0    188.3    1.0597027976    19.4947045063    -8.40328436077
119.9    152.4    0.960271717649    18.3658860518    -8.07523674906
113.2    305.2    1.18676465468    19.8433480403    -7.94378115142
170.3    92.3    1.02726438079    19.1619133541    -9.71512186898
77.1    312.9    12.1378793876    25.8474683215    -11.331253696
46.6    177.5    1.00547310597    19.4737621762    -8.84916241548
16.5    240.4    0.883192545618    19.9327485663    -9.4160565126
152.8    160.6    0.796771916962    20.1424679031    -9.40033319436
59.4    224.5    1.00558519347    19.6638264656    -8.44591292654
42.8    176.7    1.15417242375    19.7590913224    -8.97578088555
77.4    151.6    0.964498246985    19.1851320008    -8.11522433561
86.6    211.4    1.07659978722    19.6686886599    -8.02176085261
76.8    159.8    0.888601240696    20.0389374775    -8.12220098729
84.4    318.0    1.10909154077    19.4479400209    -8.04307098368
48.5    255.5    1.02048525647    19.0697051993    -8.78579342604
82.5    201.1    12.7605924861    24.2386924465    -9.92932417602
94.0    181.4    1.18649036563    21.0593768304    -7.95464500431
62.5    148.6    1.07657494014    20.1255445437    -8.36491355246
134.0    221.9    0.848128013045    19.2071554539    -8.6086382365
129.6    303.1    0.957884537946    18.9155943345    -8.41655395377
74.3    9.3    1.09723353585    19.1739724664    -8.15256863358
61.4    190.4    0.950688161452    20.5293860906    -8.39148799393
31.5    270.3    0.744138695344    19.2236770974    -9.27959676546
101.0    141.7    0.872825802243    21.1849376136    -7.90597320975
78.8    2.7    0.968504772957    19.9235176439    -8.0992599541
120.2    352.4    1.10014130165    20.7217862823    -8.08338997859
50.0    242.5    1.03474280349    19.6036047348    -8.73434675198
94.4    71.4    1.0552240035    19.8341765628    -7.9508299626
76.3    256.7    1.17274798863    21.2635546325    -8.12751699345
130.7    222.0    0.859111005828    20.5401474276    -8.46236854962
77.7    254.3    1.04430767205    19.1976645255    -8.11216299483
128.3    290.3    1.10483722556    19.2936034623    -8.35932044424
166.0    334.4    1.14158401136    20.5481897646    -9.67701046868
119.4    16.6    1.09166045384    20.4004424948    -8.06247422858
143.7    157.2    1.04892461606    20.9397901321    -9.05459094188
71.4    118.4    0.934380255899    18.7872842951    -8.19406398086
76.2    230.1    1.068973936    20.0765629851    -8.12939022354
62.4    321.6    1.07951423214    18.5523426798    -8.36925752231
69.5    289.1    0.929680257218    19.4157658845    -8.22343616624
127.1    128.3    0.81248282364    19.5665724815    -8.31381863504
128.0    69.0    1.0909556446    19.2051073749    -8.34731549523
63.8    25.6    7.23610180509    26.4222639955    -11.4498049967
153.3    74.6    1.0447244317    18.774210566    -9.4151517229
77.3    2.2    1.20354000153    19.412110004    -8.11630297239
113.3    63.9    0.725645559699    20.8775218947    -7.94540077113
75.8    215.8    7.96017497356    27.7011697322    -11.6293164874
8.1    78.8    0.89773075778    20.5047934425    -9.40495259509
49.0    60.2    1.017969851    21.0793759816    -8.77092252297
95.0    48.3    12.3048091158    20.6706776862    -8.68010306953
147.2    155.6    0.976123539663    22.1284519057    -9.19916686238
13.4    312.8    10.3270002442    20.6768650219    -9.85514125577
74.9    134.9    11.947081402    20.6189089575    -8.95105666237
41.0    66.9    1.08375421761    18.8313847144    -9.0337150271
137.2    159.7    0.994665890176    19.2743390348    -8.75705678799
128.0    182.2    0.947238571552    19.4374757573    -8.34989160352
34.0    84.2    1.18032364858    20.9575237214    -9.22607960212
89.9    249.5    0.87547344527    19.3870119615    -7.99041154083
34.3    110.9    18.425776982    16.5174550567    -7.31796463297
89.4    233.9    14.7050310075    22.251891304    -9.77366991884
78.8    228.1    18.8781797283    17.1236688741    -5.96299654708
98.5    77.7    0.960780505174    19.8171305512    -7.92019425672
118.8    274.1    0.904783239651    19.4821061628    -8.0473661125
133.3    105.3    0.937363906678    19.8059870052    -8.57805993585
115.3    264.7    0.868949494422    19.2271857911    -7.97485451036
103.9    111.2    1.00257878337    19.3472140064    -7.89656826876
70.1    226.3    1.0722517653    21.5996227063    -8.21423684423
73.9    267.9    22.085733608    18.4134189035    -6.13224962499
81.6    203.8    0.949099777898    19.6232574155    -8.06984027899
68.8    316.1    1.06607091545    18.9468925327    -8.23505621356
119.3    136.4    1.00646052297    19.4230191453    -8.05980413403
13.3    158.9    1.05926056889    20.2236037207    -9.41485526497
104.6    30.0    0.857805386286    17.8394887342    -7.89572951014
72.7    237.1    0.961834927404    18.3183980803    -8.17485168414
89.2    171.3    1.0618929584    19.2830824447    -7.9974317087
81.5    96.9    1.01084161718    16.9817698705    -8.07123173675
159.3    56.6    0.981047062142    19.8537360176    -9.57092188026
121.8    61.0    0.945193444246    19.3752601104    -8.12767248721
114.3    280.1    0.998299306206    19.8359937459    -7.95896387137
22.4    68.1    1.12401884218    20.057330257    -9.39636500337
92.7    357.9    1.09813910865    20.8015746016    -7.9651523601
70.5    73.0    0.835414562296    18.6831935513    -8.20702145973
30.7    288.4    0.910304602109    20.0836156    -9.29390424327
83.8    224.1    0.863475210736    21.3861668186    -8.04830200547
100.6    87.7    0.828290696651    20.6294705862    -7.90778283986
144.9    44.3    10.8864031725    19.0931822122    -9.22344515551
152.8    173.6    1.00906457418    22.4792741561    -9.39950308186
55.7    90.4    0.965900491795    18.9605226255    -8.55244827679
64.9    72.6    0.988076582135    19.6269130172    -8.31146836139
110.9    24.5    0.938698932996    19.4221193979    -7.91819980686
54.9    156.1    1.14642747036    20.0926807849    -8.57719690768
142.5    99.7    0.90788272873    19.6865594583    -9.00237173298
98.3    120.6    1.0413647683    20.3475117248    -7.92109127489
62.6    20.1    0.943245732887    18.7834942595    -8.36345052893
66.9    166.6    0.961660538736    18.8469546844    -8.27152299668
147.1    182.1    1.02919698337    18.7501000484    -9.19901315371
168.9    97.9    1.0968394889    19.0955422283    -9.70458865595
84.8    282.3    1.04710926355    20.5056083445    -8.03908599665
163.8    344.7    0.995833626608    19.9230366243    -9.64821795224
25.9    261.5    1.05193354057    21.0913369655    -9.36511264572
108.1    1.6    0.938224626258    19.3555003589    -7.90082954724
172.5    168.0    10.3160671125    20.1253699337    -10.2849650754
114.8    31.4    17.3783702553    16.9351042614    -7.2122882516
130.9    180.9    8.40271974306    25.1397623999    -11.4009248655
37.1    105.0    0.987339351747    18.6985300621    -9.14667445395
58.2    132.4    1.06866426453    22.1003276221    -8.47755316076
77.7    236.0    0.95963456801    20.7085192112    -8.11140301645
70.3    246.6    0.989754611845    20.4515784664    -8.21050601683
162.9    341.0    15.8083797386    15.8527530802    -7.50158800311
142.4    115.9    1.02178585023    20.6405000691    -8.99704938071
89.0    282.5    12.9686243695    24.026112057    -9.83971640797
15.1    64.2    20.3933775186    19.0942184197    -7.78235843541
113.9    4.3    0.997217720216    19.9360637457    -7.95293971366
128.6    271.3    19.1924229078    21.2485999423    -9.22477096707
127.2    64.9    1.10472955422    18.7211448127    -8.3176684844
41.6    282.0    0.931379897397    19.5036804492    -9.01635098251
117.1    238.4    13.9794779982    21.3433017303    -8.62037358911
136.0    127.3    14.3424063337    20.3827947547    -8.14564158348
82.2    55.2    0.932501010894    21.2624408312    -8.06431523893
72.0    316.9    0.92955136603    20.5705173641    -8.18518082063
134.3    37.8    12.9095817497    20.6279353059    -9.19543238807
105.6    189.7    1.23151953335    18.6371778785    -7.89545781873
11.3    43.8    0.961099638699    19.2016156825    -9.41158533889
108.6    352.8    1.05987844222    21.744021475    -7.90316262928
79.6    169.9    14.6667980059    20.3643332919    -8.60658568503
14.5    311.0    0.942396508294    19.5805723601    -9.41593691408
26.4    226.6    0.959430770779    19.5631452617    -9.35905062669
47.8    90.5    0.852392524014    21.0756382262    -8.81091887189
145.9    224.0    1.04520747632    21.2010557597    -9.14670508365
87.5    95.3    0.706152861019    19.0633656943    -8.01277685756
119.8    156.1    18.1681734592    12.8882849234    -4.61453308106
112.7    238.2    0.842199444856    19.6135619608    -7.93689025182
69.1    309.6    1.00887839551    19.3376858089    -8.22989767583
24.1    27.7    1.0311960641    19.3382969676    -9.38356567561
83.9    188.9    0.963745060214    18.9008205392    -8.04730735831
103.9    219.8    1.03459130953    19.6985066739    -7.89661551897
158.6    66.1    1.07932881722    20.6797669434    -9.55421713059
83.1    202.3    0.933104657691    20.9136642536    -8.05481012083
87.5    111.8    0.931459345846    21.7043670805    -8.0132650314
21.9    354.9    0.930431843596    17.0921287985    -9.39972642611
157.3    250.1    1.12883273321    20.5633629984    -9.52451872047
18.2    359.2    0.871615659314    20.4545639944    -9.41384397935
51.0    168.7    0.963231606728    19.6202127717    -8.70370117428
96.7    156.5    0.844258815998    19.3718475304    -7.93257719489
104.2    301.1    0.988109765527    19.3624133491    -7.89611018317
83.6    34.1    0.951909862328    19.2629670949    -8.05006501421
77.5    85.4    1.06518649021    20.8072173482    -8.11437352687
95.4    198.7    1.11999716462    21.2339001442    -7.94291594807
151.1    67.6    1.04899901568    20.3764348635    -9.3446728946
97.7    314.0    1.02607047679    18.7931972797    -7.92516507314
41.0    48.3    0.92875591121    19.0503605834    -9.03489691808
43.7    271.8    0.992068569151    22.0604959472    -8.94582113878
48.0    334.3    1.13579154048    19.5437946373    -8.80423271746
61.6    146.5    0.910444391316    19.8732553665    -8.38734720418
14.2    350.0    0.860729076329    20.5178464019    -9.41573949729
166.4    93.1    1.03106965676    20.5545446087    -9.68081640239
92.3    180.2    1.04122380695    18.3507609882    -7.96941203293
107.9    329.4    0.914760967275    20.1055562054    -7.90021979006
29.2    331.9    0.886046353852    20.0231909235    -9.32096489561
86.9    156.8    1.18377589676    19.9038956725    -8.01896080088
125.3    86.5    0.990047197493    19.7109168692    -8.24505966286
81.5    229.6    0.928192758712    20.6555453234    -8.07095735055
75.8    86.1    1.00866182353    20.4807567381    -8.13384293938
22.8    302.3    0.833507627679    21.0354959657    -9.39385823106
85.2    152.1    1.0120347267    19.7259677014    -8.03446700162
92.4    321.6    0.862151697589    20.4612506712    -7.96831432818
101.7    282.4    8.7284650903    24.8059162354    -9.76714654563
122.4    332.3    0.983507418848    19.4261270152    -8.14734651459
111.0    122.0    1.0543084394    19.6411094951    -7.91973340455
20.6    311.4    0.901290666986    20.1523210344    -9.4062548445
41.4    93.0    15.0972992954    12.700816056    -5.57940536304
48.3    203.1    1.02955878029    21.4880118246    -8.79235234228
47.1    69.9    11.7999819116    19.8112782254    -10.0741065709
145.2    260.3    0.834822487095    20.592528158    -9.12045189629
152.7    117.3    0.964043323715    20.8608558828    -9.39840268933
53.6    135.9    1.07517457305    20.3601161242    -8.61660760045
36.2    336.2    0.942701007321    20.8285664405    -9.17097329506
55.9    61.2    0.781983802857    19.2470607169    -8.5469480883
56.1    0.6    0.803960085917    20.4799799285    -8.54014465331
169.1    71.0    0.881947777495    19.8407808372    -9.70671535988
149.2    164.5    0.837852003515    19.0774057379    -9.27617610949
79.8    306.4    0.988494973857    22.0237947507    -8.08880103519
26.7    42.4    0.750576245879    19.4865685819    -9.35543281921
138.4    192.9    1.12623528249    20.8167421549    -8.81588138392
134.3    274.2    0.778375544166    18.4113936469    -8.62472305993
144.2    121.7    0.885659215411    22.6933482619    -9.07885743686
94.9    223.9    11.402904851    21.6531175756    -8.62354463174
93.1    195.9    0.943056677577    17.9628171919    -7.96185012456
90.7    261.1    1.14678882489    19.0281319766    -7.98334113852
101.8    344.5    0.880733542362    20.1014165773    -7.90261671941
74.2    193.7    0.836922992373    21.7786314651    -8.15347210786
44.4    58.2    0.869237018965    21.679447107    -8.92271631601
75.4    101.8    10.0031495224    26.9752855905    -10.7668885967
76.8    118.1    0.910199678139    20.9740088108    -8.12229004974
34.8    261.9    1.07299882224    18.9546232383    -9.20751862905
88.8    295.3    0.969753752255    20.7093187871    -8.00052796792
25.7    310.7    1.03056485685    19.7041560814    -9.36767989879
12.7    51.2    1.01502066078    18.326802006    -9.41405347669
135.2    59.9    1.06779280063    22.4486928137    -8.66703729581
114.3    248.4    0.81724874769    21.9532166207    -7.95820107024
169.9    268.0    1.07911946814    20.0430985677    -9.71221298309
92.9    5.1    14.5563102924    24.8378974077    -10.2985055356
20.9    219.3    1.04689723437    20.8222781554    -9.4047676466
89.6    211.6    0.883432515719    18.785862769    -7.99386010674
38.5    188.0    1.09637717473    20.1252731056    -9.10827666804
150.2    115.6    0.961406048502    21.209461031    -9.3138217104
53.4    153.1    1.12662442964    20.0944472762    -8.62255958694
163.6    188.9    1.03070278668    20.9380021316    -9.64609123738
119.5    347.7    0.95781949349    21.4377383249    -8.06349519096
82.2    158.9    0.972828700384    19.9863509825    -8.06389101149
72.8    250.7    0.893167788309    21.5963641351    -8.17319095748
79.6    262.0    0.968524263925    22.1069341117    -8.09086139441
132.2    346.9    1.06194749199    20.3373462634    -8.52583386044
69.9    131.8    1.02290356041    19.9989808049    -8.21729342115
74.9    213.7    1.15353891555    20.5326464601    -8.14542194685
46.7    21.5    1.02502957546    19.5894278357    -8.84613304008
71.8    100.5    1.05764255064    17.7864623424    -8.18791710073
11.1    239.6    0.824077326521    19.7944853775    -9.41132872398
34.6    46.2    1.205141417    19.4275830967    -9.21053363091
44.2    256.7    1.00587375058    19.1722726287    -8.93096458428
67.4    310.1    0.979149392247    21.1132992524    -8.2621011668
20.8    23.6    0.940548393066    20.1348692092    -9.40511627544
83.2    308.5    1.16394447444    18.4861972488    -8.05413237507
54.4    289.4    1.02673831671    19.358722933    -8.59104484328
132.0    202.4    0.919601908086    22.5553994393    -8.51788350673
125.7    33.3    0.892251563225    21.2326148458    -8.25881058738
6.4    174.4    1.11205988324    19.9827122258    -9.40153216226
52.0    295.6    1.08507158753    19.2760644662    -8.66938046189
44.3    6.1    1.02131783468    19.0830787796    -8.92768023707
101.3    34.2    1.07436946407    18.364532436    -7.90483812426
59.7    274.7    1.00159363549    21.3002820719    -8.43717538513
145.0    207.8    9.77043077054    22.907408093    -10.0004158776
113.9    322.1    1.02871233094    21.8073960906    -7.95289159822
116.8    153.4    1.11591559217    20.0821034096    -8.00366846189
90.3    161.2    1.11111965917    19.6981948027    -7.98742315848
100.8    83.8    0.874957760187    19.6613400677    -7.90683954439
84.4    265.4    1.0300327904    19.1868774531    -8.04269494033
67.3    210.6    11.9782674282    20.3969272911    -8.04136723353
128.2    339.7    1.05769690306    18.570568656    -8.35627128855
157.5    33.8    0.980393784208    20.4445702316    -9.5301649171
91.2    102.5    1.04059367774    20.2128089239    -7.97899091619
112.0    213.5    1.01148156039    20.7263316614    -7.9289171086
49.2    300.5    0.98869051324    19.7640971127    -8.76398696185
96.7    236.0    1.15649188206    20.7730161725    -7.93287218527
128.8    341.5    12.9364514429    20.3334099536    -7.98983485985
74.3    345.8    0.89507371278    20.2375953598    -8.15276425279
131.3    205.9    0.858989384958    20.4466357441    -8.48772143106
49.6    315.9    0.90229795508    20.8496885056    -8.74924778465
6.1    42.4    16.1129363978    16.5847775297    -8.259101862
104.9    216.0    0.899666802039    20.903558151    -7.89548798265
15.2    313.0    7.70795574443    22.4089797441    -11.0340391506
107.0    220.9    1.01875987227    20.3378232673    -7.89731397658
15.9    208.0    0.957684785291    18.8530810669    -9.41627873805
60.1    112.0    0.94880677831    19.3215618875    -8.42536984787
43.4    127.2    0.893823905813    18.8498804505    -8.95786505778
31.1    321.0    0.992973840945    19.0804941155    -9.28643610739
147.9    278.0    0.974005903382    19.9397071643    -9.22801487102
100.8    87.4    1.1232731187    18.6322496111    -7.90705501022
61.7    131.4    11.2070914725    22.5954797372    -9.87975815439
135.2    253.4    1.03270370327    19.5668798011    -8.66306570942
21.1    54.8    1.15281354165    20.0264741064    -9.40382939432
101.3    134.0    1.07227084997    21.0883908921    -7.90486788326
76.2    284.2    1.0628107674    18.7344882982    -8.12940305073
139.6    213.2    10.9451554022    26.2427193847    -9.90951727888
95.7    260.5    0.851939477464    21.964656452    -7.93994377973
54.2    273.7    1.20607744457    20.1561104931    -8.5989051273
43.5    308.5    1.02982650641    19.914393949    -8.95454836522
105.4    3.3    0.824462991018    18.8578867773    -7.89541168264
102.8    238.7    0.805328032535    20.4135378893    -7.89905702089
96.4    245.0    0.949203781016    20.057166055    -7.93454653493
141.0    269.3    0.966585648453    19.1283922948    -8.93353224539
17.9    2.7    0.944579642461    18.8214782225    -9.41444463243
161.7    278.6    0.726789201024    21.4444886984    -9.61589760982
116.4    82.0    0.930912254608    19.0356477789    -7.99408525012
140.6    141.6    1.12274254911    19.4931809587    -8.91475508326
146.1    351.9    1.22182627823    20.0253990824    -9.1562863504
78.9    30.7    0.948911380287    19.1414052196    -8.09879347984
80.2    22.5    0.872851499662    18.5233125008    -8.08491398065
87.3    299.0    1.21826608602    19.921658939    -8.01493778555
78.7    222.3    1.05794539949    20.6690156062    -8.10034679931
128.1    210.5    9.0805711612    25.7654124425    -11.9566558269
47.6    287.0    1.07706772793    19.8945026038    -8.81517492774
18.1    145.3    1.04439961147    20.051616345    -9.41396881377
72.2    316.4    1.0941050929    18.0541082618    -8.18203414439
125.1    299.4    0.890403546762    21.2819770085    -8.23782455502
93.6    175.9    0.997266464504    20.2862803673    -7.95730433607
117.3    328.5    1.09909859775    19.7045594112    -8.01230333034
120.0    66.0    19.5483968336    14.0986776783    -5.23415225811
105.7    14.3    1.08923635025    19.926101196    -7.89551508274
133.7    96.5    0.981859852271    21.9225925489    -8.5937618424
70.8    15.1    0.969449439633    19.7278712833    -8.20352087975
102.9    115.2    1.00229568208    19.9055625702    -7.89883759557
30.1    193.2    0.80885948296    20.9712816346    -9.30520508605
83.1    347.4    14.2277529859    20.5192945185    -9.28859077449
109.0    302.7    0.987952469183    19.9367132129    -7.90507497526
123.2    312.1    0.97649437281    19.7644475276    -8.17145185082
84.8    179.3    1.00129795588    21.7917389277    -8.03918451038
108.6    125.9    10.2322565989    23.7739969499    -9.14850317762
64.7    179.2    1.01043881346    18.5944175511    -8.31513968015
139.4    42.0    0.958303901252    20.1602004146    -8.86119936577
91.4    118.2    0.929711105874    21.5792931243    -7.97687188236
101.8    205.8    1.06026834097    18.6731053416    -7.90275153019
30.9    258.8    0.952224677102    19.9217428845    -9.29093328424
74.7    13.3    1.11711976393    18.8185244442    -8.14700737762
170.2    192.2    1.02520407509    18.7339234047    -9.71472937911
171.0    334.5    0.980660735272    21.0403817803    -9.72014680835
69.6    290.8    0.85657316791    18.8782207753    -8.22196934315
88.5    291.5    0.82682826324    20.8334743933    -8.00351694947
159.8    68.2    0.969219800337    19.3209679867    -9.58086577334
67.2    151.4    1.01665679298    21.2070618308    -8.26447217727
62.3    46.4    0.931088643675    19.1406373804    -8.37026024059
147.5    310.5    0.99918383238    19.1743773621    -9.21437284776
90.1    324.1    0.96750479033    21.2823323435    -7.98922101855
97.5    87.1    1.29570253947    19.4634645129    -7.92646614992
75.4    27.1    1.0801691638    19.7178581241    -8.13820600139
86.1    111.0    1.05423044562    20.2712537992    -8.02677863291
28.5    19.4    1.02574750865    20.0462090798    -9.33124948137
58.5    306.8    1.11453503938    19.2228337633    -8.47060356939
65.9    120.8    0.841848631371    20.1006539677    -8.29069829574
32.0    175.8    1.16364252991    19.1801800343    -9.26983727473
76.1    23.7    0.878944697961    21.2794380228    -8.13047391286
123.5    287.9    1.13664099509    18.7019471612    -8.18387211588
104.6    4.8    0.902922130619    19.7822954095    -7.89574565004
108.9    169.0    0.869017449718    19.1093342207    -7.90456163777
92.6    118.4    1.06743477535    20.2500344267    -7.96627999394
123.6    149.2    0.928374804902    19.1261119411    -8.18556549918
133.6    294.7    0.98792352483    20.7754790737    -8.59065412913
59.8    324.0    0.993370012702    19.4458795946    -8.4340772589
83.7    122.2    0.990867387431    19.9357838878    -8.04977342703
165.7    101.2    0.889328841848    20.797237341    -9.67341980732
112.7    52.2    1.246284372    18.827383187    -7.93713604308
91.5    19.3    1.16096274855    20.1902268508    -7.97574935724
105.2    283.2    0.96203053132    20.31568258    -7.8954108018
64.7    175.6    12.2382933596    20.5562896645    -9.40152857368
18.7    101.4    0.989228698864    19.9270397151    -9.41262701312
102.5    204.9    1.05134795682    20.4516623353    -7.90005203865
106.3    248.2    10.4793829619    25.6447233555    -10.5550243086
107.3    7.4    1.16974405352    19.8014242819    -7.89807689707
29.1    259.6    11.2382664442    20.9189326386    -9.14370994905
111.8    144.6    0.97061549479    18.4573067673    -7.92666551798
88.4    99.6    7.219044551    26.9322137191    -11.7812852323
58.8    214.6    0.896914583347    19.1717418121    -8.46161128789
105.2    285.1    1.02443740226    20.0829347488    -7.89541862951
77.3    233.3    8.96182192073    21.2555748717    -8.67675513124
79.4    102.9    1.02243075904    18.2800906946    -8.09341549573
125.7    273.3    0.891682834782    20.7473721914    -8.25790415147
18.7    58.2    0.947751580847    21.441034989    -9.41268111422
93.9    67.3    1.12525985157    20.810431059    -7.95529767303
69.7    136.3    1.23454748654    20.5557862359    -8.2206961451
73.8    242.3    1.02672673106    19.6377274382    -8.15956091569
116.9    314.2    18.3142959983    13.2919278033    -4.3896800844
83.0    85.8    1.13593375324    21.6377983778    -8.05578918047
151.4    100.8    0.920878058373    20.2979738237    -9.35562327431
123.8    42.4    0.864400638335    17.5706019589    -8.19338443675
44.3    357.7    1.01560465453    20.3765079044    -8.9260545607
30.7    74.1    0.744092562976    21.2718495415    -9.29442563238
63.6    182.8    0.833714600057    20.2743812458    -8.3398266514
161.3    174.7    0.967221787347    20.1332519723    -9.60798470316
125.5    116.0    0.944039367206    18.8759913018    -8.25341113072
143.9    17.7    1.01149363828    20.9605699377    -9.06548016908
80.7    31.0    1.03263888049    20.1661443532    -8.07900775107
40.4    34.6    1.10157923602    19.2859350078    -9.05327143532
71.3    216.8    0.926829845892    18.7459414159    -8.19462751613
37.7    306.6    0.991500685082    20.0979209293    -9.13202609152
79.3    354.6    1.06578828981    19.8293965179    -8.09360135002
86.1    118.6    1.027445932    19.4699999312    -8.02663669426
56.4    252.4    0.867610733161    21.7841640733    -8.53190351291
113.0    2.8    0.969000418048    18.401152588    -7.94054068787
72.0    156.5    1.01608750752    20.7113465905    -8.18395716812
66.2    93.6    1.1330739177    20.5901321818    -8.28429017961
75.7    12.2    11.181034995    20.3688061443    -8.83572378534
156.5    212.6    10.5132148291    16.901056525    -7.51980802251
126.0    335.8    1.15043376969    20.3495006465    -8.27237000353
76.9    343.9    0.708560794128    18.6448849352    -8.12080375843
105.8    99.1    1.01531718421    20.2455522782    -7.89555877136
146.8    212.0    1.23943831495    19.2202417916    -9.18661727834
122.1    102.7    0.982369703336    20.8995754243    -8.13797694533
91.9    192.6    1.02120494261    21.6968464518    -7.97215698881
42.5    344.0    1.05220669115    20.9697493054    -8.98605006869
76.5    316.8    1.06454912403    18.7998760228    -8.1255955816
69.3    271.6    0.927531847338    21.4020692651    -8.22678167064
11.6    273.6    0.981500111599    18.9922275536    -9.41228600367
101.0    296.3    1.07265976243    20.3864516782    -7.9061521281
88.9    343.7    0.875092896687    20.3096566546    -7.9996499717
157.4    237.5    1.22534199835    17.9368001205    -9.52849208571
75.0    304.2    0.947019673711    19.6117046985    -8.14424861774
21.0    257.2    1.04651771618    19.1833960229    -9.40413546504
126.9    97.5    1.04366146379    19.8320309444    -8.30613904665
80.6    7.0    1.04451023776    20.8713538652    -8.08091537843
79.9    314.2    0.969363911979    19.2383409559    -8.08767318992
63.0    246.4    1.07246680662    19.3183957497    -8.35449015196
44.7    255.8    1.0181865403    18.6080471618    -8.91538397707
116.7    239.7    0.911813262729    19.4024606183    -8.00005378923
144.6    3.5    0.848519360843    20.7970252725    -9.09300058286
23.2    81.2    1.08027453048    20.0849984052    -9.39057076853
128.3    270.8    0.941047018279    21.6081562088    -8.36247281357
92.7    10.2    0.922781873924    19.6253857069    -7.96532863671
48.6    166.6    1.11127675692    17.7716131088    -8.78413279925
25.3    76.4    1.14495658105    19.7370050314    -9.37234686181
118.9    166.3    0.983935366134    20.1877006089    -8.04901460569
73.6    49.8    14.1656030316    19.8020461213    -7.95415489471
156.0    296.0    0.9103356592    21.5287378527    -9.4916066473
108.0    200.5    1.01888624203    20.0847759235    -7.90050572238
32.1    46.5    9.40082136188    23.7956433643    -11.0330497958
112.6    174.0    0.956815827841    18.7390486473    -7.93590489055
130.5    297.7    0.901565183547    18.7525056195    -8.45159551617
11.9    303.0    17.7444160491    15.3130808461    -7.60925074852
112.9    140.4    1.02104276236    19.6589748831    -7.94026750628
22.7    269.7    0.856339926807    20.2669109388    -9.39432785185
58.4    175.3    1.09710564338    19.5228066314    -8.47337419682
69.1    295.9    1.0477994065    20.8971774125    -8.23144017946
86.0    255.0    1.08487998079    19.4025818233    -8.02735442271
89.9    204.1    1.10482794944    20.2131998123    -7.99027407427
41.5    150.0    1.06884345193    19.7363140387    -9.01927487702
66.7    267.2    0.974128525939    19.7755734749    -8.27433587872
81.8    116.8    1.09931853956    20.1849123525    -8.0681909666
123.3    124.6    0.931640339854    21.3272058619    -8.17686201176
93.2    143.8    0.970220597977    20.7626915219    -7.96151794303
84.3    260.1    1.01995611667    21.1972799654    -8.04319869857
143.6    49.1    8.45108588535    27.5011961011    -11.5589724062
13.5    22.9    0.964735516413    19.1568086034    -9.41503914614
79.9    273.7    0.923188656923    19.4503775687    -8.08820756616
29.2    283.4    1.02204764673    19.3931779496    -9.32099847913
58.0    126.0    0.993049917679    20.0798862129    -8.48452841745
120.7    320.5    1.12975409287    19.1868277926    -8.09685710072
42.0    182.4    1.08744787901    19.7386264372    -9.0025293832
85.2    62.4    0.875034188675    20.1677319223    -8.03498394361
81.1    183.3    0.892710311565    20.8917197869    -8.07575212442
35.1    59.0    1.03702136572    20.4535546595    -9.19946823399
93.1    134.3    1.00667427595    19.1818251271    -7.96229106536
46.0    246.7    0.917198855936    19.8454668422    -8.86944254483
40.7    110.2    0.979057489593    18.9947516689    -9.04281794112
34.3    320.1    0.828327508476    21.2936729864    -9.21946987174
18.3    37.6    5.30262908686    23.1550259679    -11.5298078334
15.0    353.5    0.974109765723    21.4128621553    -9.41621624672
99.0    287.4    1.11493537655    19.9357593484    -7.91699899224
61.5    272.1    1.09179999739    19.6705442654    -8.39111851047
94.2    248.3    0.871743232924    20.7088504628    -7.95228400531
82.6    212.9    12.7740046681    16.9786834669    -7.01798179201
127.8    50.8    0.950475683416    19.3939135771    -8.33991567874
84.0    6.3    1.00579448951    20.3397855022    -8.04611975084
60.1    305.5    1.05656997006    20.6512915733    -8.42712440163
119.9    127.7    1.01565250134    19.3414502383    -8.07501372626
141.0    159.5    0.874852565387    22.661683364    -8.93351828379
108.1    179.8    1.128771255    21.5055684239    -7.9007661977
64.1    36.5    1.04656359725    19.3659697725    -8.32922563469
84.3    99.6    0.801647333428    19.5214262979    -8.0438079182
75.6    189.5    1.06525396279    20.4889120266    -8.13673583516
28.4    255.8    1.13048624945    19.9676780776    -9.33211285672
40.4    133.6    0.889477693738    19.6188971534    -9.05248452772
95.8    63.2    0.910282583572    20.4244637154    -7.93963275632
113.9    19.8    0.868512457523    19.1296327672    -7.95325748186
144.9    133.5    0.899814745471    20.8852727275    -9.10522412863
118.2    105.6    0.947436504844    18.5454796323    -8.03338317732
30.5    224.9    1.16443968419    20.1747283846    -9.29819454658
7.2    115.8    1.23098491375    17.7663415629    -9.40314284795
68.0    255.8    1.02194658614    20.3266160125    -8.25097489824
84.5    152.2    0.986996463163    19.5371713796    -8.04172371932
97.1    244.6    0.965328618759    20.0337705241    -7.92935618941
135.1    314.7    1.13589875492    20.3552972155    -8.66275375524
130.6    220.1    0.955616343579    21.1985169548    -8.45653370716
15.4    322.1    0.998046595067    20.2479501896    -9.41629930322
77.8    294.6    1.1382563003    19.4449693912    -8.11050315213
100.8    124.3    1.05106398881    20.7648932253    -7.9067126604
56.2    113.6    8.99656483197    24.3885176653    -11.2387718268
129.6    147.3    0.83729549794    20.046642251    -8.41500526164
65.2    26.0    1.07588230409    19.0948376055    -8.305070167
15.0    62.4    10.7627446243    24.3819550488    -11.2981591949
105.8    179.2    0.90315138948    21.0242234963    -7.89558665165
25.3    207.7    1.22617880034    20.513108079    -9.37176958339
12.2    145.5    0.981632742804    22.01045524    -9.4132327281
67.8    20.5    1.00119995913    21.5461596919    -8.25384410026
18.7    152.5    1.00875147116    20.0709180019    -9.41260476584
104.6    196.0    0.999261111548    17.6451995923    -7.89571524348
90.2    227.1    1.07108745028    19.9678256839    -7.98793023411
40.2    168.8    15.1746113693    12.2912696534    -5.52695188704
82.9    34.0    0.940018583086    20.0181397817    -8.05770693164
174.3    210.1    0.980459723371    20.9071494201    -9.73577641809
158.9    116.5    0.887619843062    20.6283692353    -9.56188284086
114.7    245.7    1.01423128728    19.6416327321    -7.96484383566
60.3    211.5    0.98490481215    21.0361450874    -8.42081732395
64.4    29.9    0.879923860132    20.9925059699    -8.32275156941
62.6    267.9    21.4469712863    16.9168830349    -6.7429364876
38.9    302.7    0.869397464616    19.8367071852    -9.09630816196
147.5    219.3    0.973083981775    21.1316012616    -9.21278733976
153.7    258.8    1.06911462757    19.3786171436    -9.42780797529
67.0    149.2    0.963953497537    21.7988691329    -8.26868108044
102.7    257.2    1.05859652413    21.5086306646    -7.89931508228
98.4    243.2    1.07182564013    18.5399566836    -7.92095301175
155.6    178.8    7.51492528736    24.385036335    -12.1069438145
44.4    216.4    0.933331354056    21.7525696715    -8.92289765141
119.5    133.7    14.1153271082    21.4637547162    -8.41253736699
80.5    151.7    0.982354169272    19.2738974036    -8.08141705277
148.5    166.2    1.0335298967    18.816992774    -9.25046238213
32.5    233.9    0.984682898345    20.9777693478    -9.25938462703
138.6    258.4    1.10398332921    19.2193966231    -8.82288389049
176.8    63.6    0.977691134843    21.0377019282    -9.74274543867
113.2    89.6    1.00342643641    20.1414726186    -7.9438428212
111.7    257.8    0.875489086694    20.5577153999    -7.92657795039
111.2    195.2    1.01160186779    21.8218838806    -7.92125963095
84.7    327.5    0.933084552389    21.4795193111    -8.03989246453
34.1    263.7    0.990122339322    18.6612444543    -9.22409381165
149.6    246.4    1.14931788144    18.4745542175    -9.2941865391
80.5    143.3    0.944866329273    21.1333945584    -8.08152958974
98.0    354.0    0.890288844089    19.403477187    -7.92361138386
33.9    35.7    1.06983344558    17.8255203598    -9.22712816079
136.4    59.3    0.994900037503    19.8945518755    -8.71895520567
123.1    95.7    0.900123829794    19.2229658489    -8.16877121816
74.3    100.2    16.8987179214    16.2464471889    -5.53013657128
111.5    119.1    1.0075747993    18.5706042213    -7.92417778479
108.1    204.0    1.07789445949    18.7570905943    -7.90075184288
86.6    78.8    1.08744666245    20.8386249148    -8.02152977428
121.2    118.3    1.09380491555    18.6902330594    -8.11043282452
125.2    221.7    1.02093190974    18.7932516274    -8.24024135439
162.6    61.9    1.04657032729    18.3677652546    -9.63093478038
49.6    334.8    1.05050778186    20.839750385    -8.75036013368
14.0    253.5    0.955649791072    20.3101305806    -9.41559383165
85.8    248.2    0.974378389581    20.105428928    -8.02895998408
77.5    333.4    1.02768450376    21.4303578098    -8.11388394478
96.4    63.5    0.939237037334    20.2060943316    -7.93512007152
91.7    62.3    18.2101541501    11.3303631654    -4.51592686125
63.5    115.7    0.880076287111    19.7217782419    -8.34206587982
82.4    25.1    0.944314952698    21.5061165362    -8.06177473487
133.1    131.2    1.08088259234    20.7882433195    -8.56958107375
68.1    48.7    8.23265413168    22.7798160829    -9.62403600886
136.0    99.6    12.9050234323    19.7757934387    -7.88180955806
57.8    23.5    0.895796494674    19.5187597786    -8.49073490373
114.3    69.6    1.11228961444    20.856476592    -7.95866916653
78.2    36.9    1.00927921964    21.0140663595    -8.10553755287
75.4    243.6    1.01717941636    20.9471106497    -8.13906573089
65.8    30.1    11.3269275104    21.9738824583    -9.62771617412
127.4    144.9    0.966982464596    20.2039160127    -8.32506435388
113.7    20.0    0.987536865895    19.6226160405    -7.95062397068
27.7    187.7    1.10438176568    19.7039204612    -9.34335787495
109.2    96.3    0.970684844066    21.1601548898    -7.90608970699
71.4    203.4    16.3904066628    18.1483667491    -6.9883232373
65.2    79.7    1.03830031381    22.367338375    -8.30486771717
152.7    159.4    1.06939170713    19.6120137551    -9.39670872088
72.1    171.3    1.02038649769    19.4388390308    -8.18335545164
27.5    91.8    1.01934905153    20.4237494626    -9.34543251331
18.7    210.9    0.966844692239    19.085344567    -9.41280359557
111.9    188.7    0.784988442394    18.2814666657    -7.92789810763
106.8    71.6    0.950292828932    21.4174810502    -7.89691384937
95.3    92.7    0.931765793946    21.2215051161    -7.94385061457
136.8    352.0    0.965985967214    20.2516534992    -8.73920844791
57.0    5.5    1.13715443472    20.477779618    -8.51385818515
16.4    193.2    10.9413940477    15.0145949049    -8.92834395489
57.3    234.8    0.903049702942    19.8493772149    -8.50271913621
62.0    177.1    0.876744582238    17.6921554531    -8.37705699633
45.0    160.4    1.09406965785    19.735071921    -8.90420993012
77.5    340.3    0.793867508208    20.4453157264    -8.1136614174
25.7    284.4    0.994344115744    20.0921947181    -9.36707240965
33.8    277.0    15.8761079943    21.7088646315    -9.85406669629
109.4    222.2    0.810755833581    17.1413110651    -7.90742744126
80.2    30.8    0.924677946153    19.9593138085    -8.0843223638
124.8    215.7    0.929743557937    20.4035007931    -8.22703394376
147.1    265.5    1.04771329522    21.4328740539    -9.19890961473
143.5    228.8    1.11554049649    19.3563137152    -9.04831856339
100.2    224.1    12.3153503023    24.8774371985    -10.3116840541
122.9    140.1    9.60631841593    21.8134788847    -8.86220297402
92.3    121.5    0.893237611458    19.2764456043    -7.96892515578
40.6    225.2    13.3096445058    20.2678142824    -9.72057907005
30.9    310.1    1.22230757524    20.2609614222    -9.28986016735
102.9    286.0    1.05876887562    18.7349546898    -7.8988432473
108.3    92.2    14.8835440638    18.6600570502    -7.89935309309
96.0    46.2    0.932626294667    20.6318881044    -7.93767711729
113.9    27.2    1.00688688637    20.4392828045    -7.95352653153
31.5    202.1    0.863628948228    19.8608313389    -9.27966736691
65.9    278.1    1.13230357787    18.5366599342    -8.29015846984
118.7    107.1    1.00318583863    19.7709585538    -8.04500035664
131.5    114.7    17.3627667234    15.862359862    -6.90450982418
159.0    220.8    0.958768821669    20.1540390896    -9.56303110775
153.9    240.6    1.05076739413    17.6897658517    -9.43297831581
111.0    89.5    10.7048995588    19.9824003403    -8.38721721127
57.4    320.3    1.02543291954    21.3249479054    -8.50017731127
99.9    51.5    1.02977174387    21.1346803742    -7.91180470751
128.1    11.1    0.945667743727    20.4577078862    -8.35418965339
130.6    198.4    1.03570182664    18.4581183028    -8.45646044523
112.0    125.4    0.992920769097    18.3392490078    -7.92920401694
156.0    83.2    1.09710665529    21.4614953338    -9.49173527502
143.2    69.5    0.978195021512    19.8448590683    -9.03277657509
34.4    170.2    0.775420460747    20.23413857    -9.21559053411
91.6    83.7    1.24964421861    20.136354303    -7.97520838054
90.9    289.7    1.0216923292    18.6541465127    -7.98126427894
17.1    243.3    9.7722031214    22.1437355336    -8.99672442927
62.8    184.9    0.968795642038    19.1692466115    -8.35901347239
112.8    235.3    0.970476228658    19.8717251419    -7.93821694086
85.3    155.7    0.917550113409    19.9788240408    -8.0344020714
25.4    147.4    1.00147352083    19.9028310603    -9.37126861279
130.8    187.4    1.12484991116    18.8677221304    -8.46468569227
163.5    91.4    0.966589485502    19.1436363232    -9.64354704065
76.7    265.2    0.823453891613    19.4672951946    -8.12308878511
81.2    238.3    12.7695704776    22.2992503421    -9.32552845138
82.1    150.9    0.923014184773    20.2523817783    -8.06490620276
133.8    190.0    1.00764741207    21.7814266658    -8.60196693465
72.4    146.2    0.99699046977    16.7928155296    -8.17940082202
41.8    333.4    1.02812851723    20.2369255162    -9.00733889887
65.6    84.0    13.7004164592    20.2844805348    -9.33752156261
155.4    76.9    0.941289041204    21.3548894235    -9.47803136587
145.3    86.5    0.923017045564    20.4629433622    -9.12358820842
66.7    67.8    0.939506381987    20.2265779353    -8.27550414905
62.8    341.4    1.00854756991    20.8431173392    -8.35794435322
25.0    217.8    1.07140096677    19.5501299037    -9.37489804051
104.3    146.8    1.03255027655    20.1800571487    -7.89607966972
133.4    125.3    0.819125249422    21.1945785407    -8.58400913392
79.3    188.0    14.387276936    22.9965534711    -9.65665958116
127.8    301.6    0.997274596284    20.2471729539    -8.34009804321
133.0    244.2    1.1579055243    20.2319497371    -8.56442253525
97.3    141.5    0.815356536385    19.6322361904    -7.92823166699
108.9    294.6    0.828532265713    20.8312591184    -7.9044781272
102.2    290.7    0.91908773524    19.4500296361    -7.90104944614
64.4    54.1    0.960511492496    21.1651506842    -8.32229021167
142.9    338.0    9.4125244174    23.4911292076    -10.0343674404
101.3    272.9    0.938580651751    21.0589925989    -7.90470562053
59.3    340.4    0.946959541548    19.8982223456    -8.44861646885
105.7    206.8    1.06634962223    19.523009699    -7.89553750244
81.1    249.3    0.74678160122    18.8656229511    -8.075043511
115.2    302.1    0.951816702128    19.9234913591    -7.97260622543
122.9    183.9    1.05489850263    20.9976152642    -8.16142963079
110.3    191.5    0.844377339845    19.2994717671    -7.91345221532
94.0    154.3    0.986752587319    19.6699398584    -7.95412691232
99.2    253.8    1.00678934964    19.0986393031    -7.91586271773
106.4    209.9    0.950052256278    21.0355012907    -7.89622514811
162.1    58.8    0.857574441907    20.954255587    -9.62159536334
40.0    23.4    0.866720840091    19.1626512333    -9.06334992462
132.9    33.9    0.99873849763    20.0000005423    -8.55767502233
155.8    297.7    1.04145669233    18.3962436681    -9.48716942457
99.2    159.9    13.8909217226    18.2794280024    -7.91584665499
115.4    199.7    1.07419469776    18.2848557434    -7.97707263214
42.1    26.3    14.8871824784    17.8369492148    -8.87858454342
69.5    179.1    14.7161079253    21.30426676    -7.81840497744
98.3    217.6    1.11140365143    19.8999552688    -7.92160603155
161.3    277.1    10.1090463822    22.1418043025    -10.789971765
116.0    42.2    0.786384806365    20.066358818    -7.98834726035
62.5    267.3    1.07842377896    19.5470206936    -8.36456853983
74.9    7.6    8.97114752178    29.5869903427    -12.6654486986
78.7    132.3    1.19959357261    21.3134916263    -8.10031973199
95.2    60.9    0.978122900425    19.9757311763    -7.94450437166
160.0    211.6    0.982025993524    17.9101512354    -9.58381479249
122.2    127.3    1.02416847633    19.2697665652    -8.14076601581
60.8    271.5    1.32912859413    20.3299790689    -8.40786043334
45.9    111.3    1.0798655217    19.7855271211    -8.87302291307
108.8    355.3    0.939359467995    20.3631645969    -7.90417219612
153.2    167.7    10.7008262302    22.8702315179    -10.6909933636
132.5    57.7    0.84383600177    20.3990001867    -8.54117650956
96.0    225.4    0.980487621868    19.0332013404    -7.93798097851
106.6    146.4    1.03406410613    20.3436440229    -7.89647087617
73.6    53.6    0.991972972925    21.1277371084    -8.16147658218
116.8    350.3    0.999509625259    18.4302612374    -8.00323717992
48.9    260.2    1.15007617347    20.2290310885    -8.7741893345
128.0    276.8    1.01913554294    18.6150019486    -8.34796289528
136.9    153.7    0.973283402028    18.9339839954    -8.74310023668
118.0    335.9    7.35517199496    22.5641650085    -10.4018503259
26.3    198.4    1.08079777308    19.5990356269    -9.36118000435
104.9    95.2    1.16371750013    18.8934640626    -7.89548806847
78.9    291.1    16.4423965439    16.0085953689    -6.00938466971
106.2    332.7    1.0468409482    18.772838372    -7.89599404871
157.7    101.3    1.03170364555    20.1384655015    -9.5347574081
120.7    19.1    0.978271579658    20.8691226759    -8.09563615549
66.7    305.1    0.998839727475    19.9573866328    -8.27455483749
96.5    64.2    1.00428755615    19.4807442685    -7.93434080203
7.8    339.7    0.960919400222    19.0688621374    -9.40446880283
87.3    52.8    0.955608687515    19.5042492528    -8.01462826792
169.0    331.6    0.891038708425    22.0868144977    -9.70567863521
70.4    154.8    1.03328652666    20.917608731    -8.20886614636
99.8    22.2    1.02316214684    19.0312932593    -7.91201226372
100.5    330.2    1.16201674704    18.72686348    -7.90824564017
114.0    204.9    1.00478128119    20.2206440355    -7.95514197642
52.1    224.2    0.981494480925    20.3215707631    -8.66461217956
75.2    307.1    0.877770258098    19.9968488758    -8.14099483469
136.0    186.1    1.00170289316    21.0617911645    -8.70081339971
29.5    180.7    1.12307912039    19.4523390589    -9.31562224577
64.2    325.5    1.0698980414    19.6184273288    -8.32724399409
158.7    300.9    0.89832360704    20.2447309609    -9.5583292263
30.5    222.1    1.07757169433    22.3227340626    -9.29722733656
166.6    59.3    0.843129861415    20.3390254832    -9.68263461386
26.7    289.7    1.08294893784    18.3981964993    -9.35644199439
84.9    8.9    1.07458895202    21.5909865156    -8.03762758485
65.4    127.1    0.953510692257    20.5287131302    -8.29997587682
50.9    236.6    0.999552262458    20.1086633394    -8.70516391149
144.2    288.1    0.935065576012    21.2870741483    -9.07608437522
156.5    86.1    1.02251254141    21.2034811405    -9.50535438081
81.5    200.0    1.0872189256    23.1856733331    -8.07124339053
109.1    356.1    1.02862333315    19.1688439483    -7.90588711283
127.7    311.0    0.82788491223    18.6895462898    -8.33825481554
121.3    102.4    1.11340361285    19.6791597318    -8.11240249614
60.6    305.8    1.05837414101    21.2163420638    -8.41186981553
77.6    333.1    0.819332615281    20.3693178468    -8.11299666579
127.1    78.3    1.01713444163    19.1261495218    -8.31311065514
124.3    23.7    1.06101417456    18.7002626645    -8.21050548552
21.7    358.9    0.840508760817    20.2732712752    -9.40085504377
64.5    46.0    15.6822013241    18.6415989857    -8.15496626689
147.9    271.2    1.10323366368    20.4741062286    -9.22966937249
103.7    116.6    1.24358605946    19.122750691    -7.89706100674
122.8    351.8    0.877616707823    21.3946715129    -8.15834783951
88.3    344.1    0.92243669759    20.648507065    -8.0060267622
29.5    281.3    0.923695173335    21.6801752193    -9.31504459988
119.8    234.4    1.00112609083    20.1126224307    -8.0735863639
81.1    277.3    0.905650604998    21.1034324673    -8.07562687806
39.5    157.0    1.09730076366    19.9304929476    -9.07912271662
111.4    328.7    1.05901251127    19.4463179665    -7.92341662364
54.6    109.4    16.6571123297    15.0007373982    -6.17104877909
77.8    76.1    1.01890128151    19.744856099    -8.11078336951
84.2    257.2    0.918868357856    20.6675766436    -8.04413729805
69.1    332.4    1.13560984412    19.916143897    -8.2301271415
103.2    291.0    1.13197028706    19.8983996371    -7.89819417607
106.7    27.9    1.01601823921    20.7523960661    -7.89670325898
92.7    139.0    0.792641264044    20.3182443369    -7.96562896676
25.5    23.5    1.06139623741    20.410507009    -9.3694206899
64.3    357.6    1.05409275686    20.701584827    -8.32366186884
62.0    349.9    1.00917789708    20.1227013284    -8.3771030661
82.1    269.9    1.24668907469    19.2946365488    -8.06532986613
45.3    153.9    0.930572458843    21.9403177193    -8.89335516338
103.8    336.8    0.922792683371    19.8891435514    -7.89675559216
38.0    167.4    0.955099666065    19.7608038152    -9.12132965065
147.7    166.6    0.869769344579    19.655697419    -9.21894311489
54.3    121.7    0.838092830922    20.5268932827    -8.59365738514
12.3    287.0    1.04410493724    21.5848047666    -9.41338176418
153.8    170.4    0.802223445164    19.9581413976    -9.43223158203
104.1    54.2    0.956158665274    19.8953213657    -7.89633738704
129.9    321.6    0.979608312    20.9244797808    -8.42857139137
92.2    226.9    1.00853350039    19.2110161552    -7.96971343731
83.1    183.3    1.11523369586    19.8298351723    -8.05526362668
89.0    96.3    0.922189902569    20.5203268117    -7.99895618434
114.4    307.0    1.04697050429    20.5693773304    -7.96030295927
26.3    185.0    0.970290406332    18.4448938348    -9.36093746807
114.4    104.5    1.05961373902    18.9248138124    -7.96005530803
151.3    166.8    1.11474684422    19.724226804    -9.35149313345
14.3    347.8    1.29244758751    20.7690815237    -9.41580087528
51.9    159.4    15.9518006794    16.0918639078    -7.79606008255
104.0    245.9    1.05611770517    20.2666311964    -7.89646646494
124.0    339.2    0.876867928256    20.4966018224    -8.19745426771
112.8    162.7    1.00962429234    21.0108006205    -7.93838975808
117.1    124.4    1.11064067647    20.7477421636    -8.00886657738
135.4    208.5    16.6558218922    21.4183715061    -9.33814550217
15.2    286.1    1.03924480388    21.5805415221    -9.41627229519
74.3    79.8    9.20553916648    19.3453981557    -6.43934482621
94.8    334.9    0.742034977674    20.0444339736    -7.94766477076
93.9    220.2    1.11642338182    21.879431072    -7.95495965017
139.2    357.2    0.972891290229    19.6164319556    -8.84958692458
34.2    246.3    1.03691720033    20.732858053    -9.22148816672
121.7    45.1    1.24096983094    19.4942498257    -8.1254546104
141.3    139.3    0.973799961154    20.3040472235    -8.94962030741
135.2    297.5    1.08893137948    19.0318416329    -8.66372858309
84.3    38.2    0.893392344988    20.0393019942    -8.04317524121
28.4    195.4    0.96622081099    19.8836810518    -9.33332311093
131.5    60.1    0.915105252072    20.6742458071    -8.49830603792
121.7    196.7    0.841929484158    18.572347654    -8.12699277614
84.8    153.2    1.12149233586    19.1995131828    -8.03918106192
41.6    196.2    1.00751290584    19.9829888988    -9.01568253356
86.2    41.8    0.903954606849    20.5729566783    -8.02555328971
75.0    327.3    15.4636302955    12.4988369769    -4.95875023067
48.4    198.2    1.10468758446    19.5543488816    -8.78967845832
47.7    280.1    0.999669344514    21.5889496366    -8.81314737574
81.1    319.6    0.945013716069    19.3805118788    -8.07546946736
25.6    300.9    0.962594495068    20.004087994    -9.36897040626
101.0    267.8    5.30692513298    30.3615420814    -12.4242691308
145.9    83.7    1.16645727748    19.0030889038    -9.14747604093
106.0    273.3    10.6845568405    19.7780909683    -7.02873814624
100.9    99.2    1.11599850039    20.2094653099    -7.90664029492
90.5    217.7    1.08142007979    19.0508872657    -7.98501224022
82.4    131.5    0.872238341746    19.482476239    -8.06210458206
56.0    29.4    1.05567460526    19.2555138924    -8.54331246661
29.0    70.2    1.0432898863    19.6535766552    -9.3241724825
80.8    176.3    0.804757530534    20.0710486032    -8.07829555656
91.5    150.9    1.03683129868    19.2075117852    -7.9761086849
121.6    220.4    1.04237357267    21.4320442887    -8.12206263911
149.0    113.8    0.909707878204    19.395334587    -9.27055372365
140.4    270.5    0.893770099697    19.9902650951    -8.9073436161
92.1    326.1    0.895027513781    20.2124550873    -7.97119835782
119.5    82.4    1.02794072784    17.3128186794    -8.06377712946
65.7    352.5    1.07129293174    21.1848179547    -8.29397004436
66.9    202.2    0.990061365038    18.7602950456    -8.27003859422
171.7    152.7    1.1497346325    19.46912161    -9.7237613593
90.4    288.0    11.3483512619    22.3036540529    -8.33058773678
114.2    177.3    0.719312486719    20.2466076328    -7.95777139313
12.3    117.1    1.00507973286    20.2657247707    -9.41345540919
105.0    359.4    1.09837829918    19.6240899298    -7.89547410843
52.8    284.6    0.985928562708    21.0925755195    -8.6425256587
92.4    357.5    1.07031398567    21.590493034    -7.96833625089
86.1    218.5    0.949948541602    21.2335850941    -8.02585345826
160.0    119.4    1.24848954297    19.080795771    -9.58438559138
160.7    124.5    0.963022185342    21.790675405    -9.5985629552
51.9    209.5    1.08964529219    20.8697756069    -8.67394344277
50.1    178.6    0.916712642049    20.518582336    -8.73337052212
70.0    83.5    1.07611533626    19.993665088    -8.21484390427
93.1    192.8    21.4578128002    10.250070429    -4.76437504106
61.1    305.0    1.08420451741    17.1587036341    -8.39990337932
147.2    63.2    1.12143092866    18.8036808501    -9.20255917384
64.5    74.3    1.16538386321    19.0397642237    -8.320547016
21.6    298.3    1.02193229078    20.8650047003    -9.40110754393
11.5    108.1    0.966052886097    22.92952212    -9.41196248231
103.2    67.7    1.07303336042    20.5952182197    -7.89798520458
114.7    67.0    0.999098305277    20.742738945    -7.96446350358
87.7    258.6    1.18731044255    18.7688245825    -8.01121178288
148.2    24.8    1.10977852725    18.3558673836    -9.24169915903
87.4    232.3    0.962375226817    19.8238310165    -8.01369526947
14.3    209.4    13.7906707685    16.0274937943    -6.56494428932
63.8    34.9    11.7955227775    17.1180874909    -7.73582663448
67.6    269.8    1.00619963065    19.8283641641    -8.25831224369
110.0    33.8    0.82269227917    19.8116994826    -7.91116262683
55.5    277.2    1.04574491768    20.4681490646    -8.556883219
103.4    345.9    1.10352715039    18.5428142193    -7.89760486392
148.6    346.1    0.891427569205    20.4477508673    -9.25661195393
119.8    146.7    1.02536920434    20.0520842484    -8.0723804702
60.8    267.0    0.956521719107    17.7724455396    -8.40858977656
77.1    69.1    1.02095944052    19.3578262429    -8.11821542291
84.3    134.1    0.997705844309    19.5472043362    -8.04403194668
90.5    208.7    1.0715829735    19.5133823066    -7.98526728771
98.2    207.6    0.99769674601    20.4843027004    -7.9223012849
124.6    191.9    0.957460801141    20.4172429588    -8.21831854353
121.0    239.6    1.03780734665    19.1342147705    -8.10643304108
133.6    169.3    0.974435563142    19.6181733317    -8.59268403732
20.1    93.4    1.02477532318    19.6900204952    -9.40832747697
94.3    274.3    1.26037933563    21.5851353912    -7.95178315641
122.3    324.3    8.20596068189    27.0217708436    -10.7639972249
41.0    85.5    0.942266660177    19.7656717366    -9.03450295676
132.8    72.6    1.08554126486    18.3689882085    -8.55524054685
81.2    170.1    1.07808828333    22.0455906881    -8.07409514192
13.9    342.7    0.982931803069    18.4484126138    -9.41544957037
44.8    175.4    11.9282671847    27.9222467069    -12.2794629183
134.2    35.6    1.08702487564    19.0340432503    -8.61731090308
79.9    152.7    0.925958438881    19.6873745236    -8.0877219147
62.6    122.4    1.0192383636    20.4372282461    -8.36216631686
5.8    179.3    1.21925626433    19.4706588122    -9.40037584453
85.3    202.2    0.859724202378    19.2291479556    -8.03355359232
66.9    15.3    1.02736331331    19.5767919057    -8.27027035444
63.9    49.4    1.01352797722    21.5770665839    -8.3331957746
155.5    272.4    0.918440753236    19.405309711    -9.47863332577
137.8    200.4    0.96205044102    21.5164690584    -8.78443616192
50.1    52.5    0.976610643755    19.7940738363    -8.73314343059
128.7    71.6    1.17170686224    19.0787869898    -8.37558951242
5.8    347.8    0.916643831535    19.7346456181    -9.40046569419
82.9    131.9    1.09063637178    19.6014922357    -8.05691645074
89.8    57.5    1.07781839369    20.8831230248    -7.99156962961
125.9    224.0    0.908785353269    17.9667709764    -8.26680162283
71.5    60.4    0.985588746954    20.7649967112    -8.19237380416
111.7    175.7    0.951751177263    19.7540583972    -7.9264595916
129.8    177.3    1.07572954894    20.8748861046    -8.42450944975
62.1    183.1    0.862733234218    19.8490520061    -8.37517962418
113.6    260.6    0.977749780192    19.2151863361    -7.94851535247
122.4    130.9    0.991022827423    19.5194232759    -8.14782302919
12.3    184.1    0.917323713547    20.1918111554    -9.41336232015
92.7    199.4    13.3827453455    20.8413677821    -6.98715326277
37.1    80.0    20.3370234866    8.76200585538    -4.49655251461
19.8    102.0    1.18919370673    19.7545450126    -9.40949484539
107.2    283.8    0.944349306751    19.9873101411    -7.89794910025
19.6    322.1    15.6001224201    14.677668927    -6.32670963404
151.9    173.7    0.987005893285    21.3216126736    -9.37330399014
110.6    336.1    1.04573086825    19.2537377869    -7.91620785441
112.7    317.5    0.925764855838    20.5763071297    -7.93763015888
27.9    325.0    0.868223893894    19.4587445545    -9.33972065776
109.3    331.9    0.958498785399    21.7304959652    -7.90662831501
153.8    53.7    0.83567117666    21.4872552185    -9.43146102967
128.8    24.4    0.823548716952    18.9619693656    -8.38135558298
139.2    317.8    1.01934145788    21.2467752694    -8.84949575092
94.8    11.1    0.950959311203    20.8856456982    -7.94744847402
153.0    27.9    0.930810191475    19.437541512    -9.40791747093
106.6    272.5    1.08903057912    18.961336238    -7.89656341829
146.8    271.2    1.04843050488    19.5715679293    -9.18509894128
89.5    101.4    1.07705984181    18.0747324994    -7.99457428373
128.6    185.6    0.968862581218    22.3621202006    -8.37097598578
141.3    29.5    1.05815978659    19.4469764834    -8.94589253916
104.6    232.3    1.09978517484    19.2715139882    -7.89568662201
110.1    343.2    1.16272951426    21.1728727893    -7.91238839055
132.0    292.7    1.14319199642    21.0925090269    -8.51972205635
67.7    177.2    0.795759395338    19.3568215903    -8.25603564781
45.8    128.7    1.051933572    18.212571975    -8.87889301959
98.1    84.0    1.10731751221    20.4459924543    -7.92290239283
108.1    158.7    16.7065838412    16.8543531027    -6.88419085336
89.2    111.9    0.8801125269    19.2732799607    -7.99702674194
138.4    199.8    0.9794242253    20.7389720993    -8.81327124428
149.4    49.2    1.10302572448    20.3725313806    -9.28451783973
81.8    24.1    1.01853847297    19.550515413    -8.06803337645
121.4    227.3    1.01489194189    20.6256622913    -8.11704747637
74.6    18.2    0.830077611225    20.7784516998    -8.14896233709
39.6    285.4    0.838196579282    21.7547299983    -9.07716234805
45.8    241.6    1.08468609213    22.0019459259    -8.87717770967
79.3    220.4    1.14537606605    20.0748500077    -8.0940327576
66.3    186.3    0.838192501983    22.2822010928    -8.28342231969
27.9    269.1    14.3769869098    20.4777426883    -8.88104414158
51.9    38.1    0.978802982437    19.409408265    -8.67281880099
111.9    135.2    1.09067753233    20.9900438086    -7.92800471902
21.2    316.6    1.04772748444    19.0102542329    -9.40324759311
150.3    52.8    0.957233331084    19.4465408531    -9.31820419694
26.9    123.6    0.964075767124    19.4946517065    -9.35355494539
84.0    338.1    1.00638293982    19.8342946215    -8.04658409282
121.1    329.1    1.07630935226    19.0039977298    -8.10793943881
109.3    273.2    1.13555031256    17.1516110872    -7.90700576662
50.8    300.9    0.95796548443    18.3158334686    -8.70919073105
40.4    340.9    1.04236399028    18.9485915812    -9.05050378902
113.9    58.1    1.01002688176    20.5626552343    -7.95343310155
139.9    272.6    0.759231025824    20.0259879907    -8.88366879882
40.9    285.3    1.23153574771    19.0970583756    -9.03610069355
23.9    41.1    1.13381135761    19.4756411281    -9.38476528717
58.2    341.5    1.11110460472    20.8134985596    -8.47860907434
121.0    116.3    0.795578533868    19.7476246232    -8.10484506844
118.0    160.6    1.2563338617    20.5127175855    -8.0293503916
64.9    41.0    0.900156355703    20.4621996803    -8.31064790381
44.7    134.8    1.0636810346    20.3698266825    -8.91568851003
68.6    219.9    0.946396121745    19.8119349729    -8.23976829294
51.7    216.1    1.00810044982    20.1939773993    -8.67918354058
126.0    320.5    0.827256003659    19.8586316287    -8.27165662936
69.2    230.7    0.957332599366    19.747657738    -8.22938036091
50.4    351.9    10.8337412752    23.0498279768    -10.9696027343
68.1    153.0    14.914908056    22.6498669474    -8.77235157187
108.1    63.0    0.955104428443    21.5897137666    -7.90083653311
92.8    321.4    1.16248538726    19.1005431259    -7.96434630962
63.4    94.2    0.885227272518    18.8389586649    -8.34444959109
60.8    234.5    0.89382218888    19.5306508865    -8.40785007079
74.1    226.1    0.925531979027    18.9065311347    -8.15532259837
82.9    107.5    0.862137956132    20.1852697459    -8.05683091243
142.1    44.3    12.1077381472    21.2949541214    -10.3252254722
126.1    171.4    0.920168444063    21.7392532388    -8.27531127612
112.3    124.7    0.931921311319    19.9592859788    -7.93201595261
83.8    195.4    1.03542167297    19.1611633508    -8.04821909643
122.3    319.7    0.851987914924    20.948615576    -8.14333458975
160.3    121.3    16.9815012621    11.9213955611    -6.65607795684
89.7    21.6    0.918885202514    19.0616309852    -7.99253100377
97.3    277.5    0.903140506097    19.5289612499    -7.92796760746
86.4    21.0    0.856305566481    21.0853738279    -8.02371968498
78.9    77.6    0.984981531674    19.9487121809    -8.09852261856
132.9    12.2    1.14961818575    18.3038242902    -8.56050301989
68.2    237.0    1.14575238039    20.1251341018    -8.24584955082
66.6    172.4    0.92558094033    20.1357994014    -8.27697015371
30.5    185.8    1.07646530844    20.0591328351    -9.29816364148
90.8    259.7    1.08866168284    19.8781834231    -7.98222362694
13.7    216.4    0.915189659444    20.3457861387    -9.41522533514
135.8    277.7    15.8447830034    20.0964380351    -9.04095168402
106.0    103.4    1.08138469701    20.4463029886    -7.89575182841
137.1    5.2    0.941028957655    19.7810364447    -8.75294701023
33.7    88.4    1.01657556533    19.8820061228    -9.23292962961
127.6    71.7    1.0050599101    19.2863063549    -8.33181796325
100.7    175.3    0.912843213768    17.55669158    -7.90738348504
104.0    86.5    1.04798008536    22.003324727    -7.89647384325
130.2    170.4    1.05496546349    18.7226731823    -8.43902318319
85.0    134.7    1.22461968327    19.9323936445    -8.03695509604
60.2    208.0    0.885797758412    20.3384350555    -8.42432897959
10.4    192.6    0.962374374847    22.077548499    -9.40990185861
101.5    240.8    1.09448914423    19.9398467152    -7.90397696934
96.9    83.0    0.803469180308    19.4131891299    -7.93083739072
85.2    14.1    9.88710058277    24.6912269734    -10.2809004199
100.1    349.9    0.980113231433    20.7362867668    -7.91074701743
98.3    32.0    1.11074479059    18.9196872929    -7.92112181955
84.4    180.1    14.8167558291    16.4586991932    -5.11694098093
120.2    9.7    0.793540281735    20.9817392016    -8.08374264806
94.8    246.7    0.8805240651    21.414643493    -7.9477475027
79.8    105.4    0.897626697612    19.5604024907    -8.08916338923
156.7    261.9    0.975798838381    20.0135293648    -9.51108015349
132.1    183.7    13.1206768725    14.4667878131    -6.43093384794
25.1    252.2    0.840126978349    19.9639395582    -9.37377250227
52.8    353.9    0.868397853955    19.328887248    -8.64359990921
43.0    211.0    1.01526532699    20.6542029374    -8.97059601779
133.0    274.3    0.859539575405    20.3968433632    -8.56346710306
52.8    281.9    0.920597417698    20.76197011    -8.64242905332
161.0    341.8    1.18583697289    20.2382909486    -9.60302542037
83.7    272.7    1.09258091911    18.8769937168    -8.04937451069
109.7    151.0    1.00569677014    19.7139617635    -7.90969082532
167.6    175.9    1.07179560349    21.0098213186    -9.69366103923
155.7    337.6    1.07068673166    18.9369599291    -9.48496906706
135.0    307.1    0.895026588219    22.3517971288    -8.65795892597
68.6    74.6    0.923955337546    20.6817501617    -8.23862747145
177.6    204.0    0.888660670457    18.2168491933    -9.74410222375
13.6    300.7    1.16267657726    19.553331161    -9.41516626731
55.9    6.8    0.983818009634    20.620126923    -8.54575743338
78.8    311.6    1.13964538112    21.5232283238    -8.09980640308
55.5    66.7    0.955256866215    19.754076268    -8.55805895736
17.3    169.5    1.17401982656    19.0636854085    -9.41526437846
114.0    198.0    0.910645628565    20.3054645037    -7.95378177642
140.3    62.0    1.01126818443    20.8657824463    -8.90103483291
99.2    141.8    0.940487202917    19.1374613976    -7.91544741806
112.3    111.5    1.03460037106    20.1358464128    -7.93266675588
69.4    291.6    1.18949763373    17.550326937    -8.22527107702
55.3    321.1    0.859470197748    20.1425165068    -8.5634310627
84.3    166.1    0.997652811333    17.959053187    -8.0431429575
149.7    315.4    1.02256924267    19.5739194435    -9.29504117002
167.8    316.2    1.13893581368    20.706474921    -9.69492087721
101.7    121.1    0.882963928906    20.4893099223    -7.90296550195
123.7    203.0    0.872932839745    18.9905351006    -8.18731976115
114.6    278.2    1.04670304965    18.9796319371    -7.96296855444
18.0    185.3    1.13139126161    19.7413492919    -9.41416081132
